              precision    recall  f1-score   support

     class_0     0.0000    0.0000    0.0000   2160225
     class_1     0.0000    0.0000    0.0000    328980
     class_2     0.0000    0.0000    0.0000      1557
     class_3     0.0000    0.0000    0.0000   1347913
     class_4     0.0000    0.0000    0.0000     40019
     class_5     0.0000    0.0000    0.0000     85258
     class_6     0.0000    0.0000    0.0000      8608
     class_7     0.0000    0.0000    0.0000       917
     class_8     0.0000    0.0000    0.0000    995769
     class_9     0.0000    0.0000    0.0000   1215576
    class_10     0.0000    0.0000    0.0000    136425
    class_11     0.0000    0.0000    0.0000     29177
    class_12     0.0000    0.0000    0.0000      7026
    class_13     0.0000    0.0000    0.0000    802406
    class_14     0.0000    0.0000    0.0000    298126
    class_15     0.0000    0.0000    0.0000   1227457
    class_16     0.0000    0.0000    0.0000   1213606
    class_17     0.0000    0.0000    0.0000     24448
    class_18     0.0000    0.0000    0.0000      1663
    class_19     0.0000    0.0000    0.0000   1623364
    class_20     0.0000    0.0000    0.0000      1795
    class_21     0.0000    0.0000    0.0000     53614
    class_22     0.0000    0.0000    0.0000     11301
    class_23     0.0000    0.0000    0.0000     92102
    class_24     0.0000    0.0000    0.0000      1169
    class_25     0.0000    0.0000    0.0000   1080687
    class_26     0.0000    0.0000    0.0000       669
    class_27     0.0000    0.0000    0.0000     21496
    class_28     0.0000    0.0000    0.0000    608725
    class_29     0.0006    0.0388    0.0011       387
    class_30     0.0257    0.9966    0.0502    267246
    class_31     0.0828    0.9924    0.1528    225438
    class_32     0.2597    0.9851    0.4110     85647
    class_33     0.0060    0.9165    0.0119      3891

    accuracy                         0.0413  14002687
   macro avg     0.0110    0.1156    0.0184  14002687
weighted avg     0.0034    0.0413    0.0059  14002687
