               precision    recall  f1-score   support

       Benign     0.9986    0.0062    0.0123  41700592
          DoS     0.0000    0.0000    0.0000    145129
       double     0.0000    0.0000    0.0000     12413
force-neutral     0.0000    0.0000    0.0000      5744
      fuzzing     0.0017    0.6297    0.0034     67321
     interval     0.0000    0.0000    0.0000     40542
          rpm     0.0006    0.7878    0.0011      5043
rpm-accessory     0.0273    0.7918    0.0528      3146
        speed     0.0008    1.0000    0.0015      7471

     accuracy                         0.0075  41987401
    macro avg     0.1143    0.3573    0.0079  41987401
 weighted avg     0.9918    0.0075    0.0122  41987401
