              precision    recall  f1-score   support

     class_0     0.0154    0.0000    0.0000   2160225
     class_1     0.5000    0.0000    0.0000    328980
     class_2     0.0000    0.0000    0.0000      1557
     class_3     0.0000    0.0000    0.0000   1347913
     class_4     0.0000    0.0000    0.0000     40019
     class_5     0.0000    0.0000    0.0000     85258
     class_6     0.0000    0.0000    0.0000      8608
     class_7     0.0000    0.0000    0.0000       917
     class_8     0.0000    0.0000    0.0000    995769
     class_9     0.0000    0.0000    0.0000   1215576
    class_10     0.0000    0.0000    0.0000    136425
    class_11     0.0000    0.0000    0.0000     29177
    class_12     0.0000    0.0000    0.0000      7026
    class_13     0.0000    0.0000    0.0000    802406
    class_14     0.0000    0.0000    0.0000    298126
    class_15     0.0000    0.0000    0.0000   1227457
    class_16     0.0000    0.0000    0.0000   1213606
    class_17     0.0000    0.0000    0.0000     24448
    class_18     0.0006    0.0818    0.0011      1663
    class_19     0.1562    0.9989    0.2702   1623364
    class_20     0.0019    0.0106    0.0032      1795
    class_21     0.0912    0.5684    0.1572     53614
    class_22     0.1218    0.8086    0.2118     11301
    class_23     0.1007    0.7289    0.1770     92102

    accuracy                         0.1476  11707332
   macro avg     0.0412    0.1332    0.0342  11707332
weighted avg     0.0399    0.1476    0.0398  11707332
