               precision    recall  f1-score   support

       Benign     0.9736    0.0003    0.0005  41700592
          DoS     0.0000    0.0000    0.0000    145129
       double     0.0000    0.0000    0.0000     12413
force-neutral     0.0000    0.0000    0.0000      5744
      fuzzing     0.0023    0.6722    0.0047     67321
     interval     0.0000    0.0000    0.0000     40542
          rpm     0.0007    0.8211    0.0013      5043
rpm-accessory     0.0136    0.7972    0.0268      3146
        speed     0.0005    0.9861    0.0009      7471

     accuracy                         0.0017  41987401
    macro avg     0.1101    0.3641    0.0038  41987401
 weighted avg     0.9670    0.0017    0.0005  41987401
